0.00000   0.000986   0.00000   0.000986
  .00200    .009475    .00200   -.006272
  .00500    .015120    .00500   -.009977
  .01250    .024286    .01250   -.015246
  .02500    .034450    .02500   -.020594
  .03750    .041872    .03750   -.024404
  .05000    .047433    .05000   -.027454
  .07500    .055169    .07500   -.032278
  .10000    .060608    .10000   -.036076
  .12500    .064805    .12500   -.039204
  .15000    .068189    .15000   -.041819
  .17500    .070963    .17500   -.044001
  .20000    .073274    .20000   -.045806
  .22500    .075199    .22500   -.047282
  .25000    .076777    .25000   -.048471
  .27500    .078033    .27500   -.049410
  .30000    .078991    .30000   -.050129
  .32500    .079678    .32500   -.050645
  .35000    .080119    .35000   -.050960
  .37500    .080324    .37500   -.051059
  .40000    .080293    .40000   -.050919
  .42500    .080026    .42500   -.050512
  .45000    .079517    .45000   -.049814
  .47500    .078763    .47500   -.048812
  .50000    .077753    .50000   -.047511
  .52500    .076464    .52500   -.045918
  .55000    .074868    .55000   -.044024
  .57500    .072934    .57500   -.041812
  .60000    .070636    .60000   -.039274
  .62500    .067958    .62500   -.036426
  .65000    .064903    .65000   -.033315
  .67500    .061488    .67500   -.030007
  .70000    .057745    .70000   -.026571
  .72500    .053710    .72500   -.023071
  .75000    .049418    .75000   -.019568
  .77500    .044899    .77500   -.016140
  .80000    .040179    .80000   -.012881
  .82500    .035288    .82500   -.009897
  .85000    .030259    .85000   -.007286
  .87500    .025177    .87500   -.005135
  .90000    .020079    .90000   -.003535
  .92500    .014950    .92500   -.002607
  .95000    .009822    .95000   -.002523
  .97500    .004699    .97500   -.003540
 1.00000   -.000471   1.00000   -.006054